#  Matrix made by pengxiong
#  
#  
#  
#  
#  
     A      C      D      E      F      G      H      I      K      L      M      N      P      Q      R      S      T      V      W      Y
A  4.254 -0.296 -2.099 -1.575 -1.836  1.507 -1.246 -1.601 -1.497 -1.244 -0.531 -1.463 -0.113 -1.331 -1.842  1.470 -0.103 -0.393 -2.724 -2.424
C -0.296 10.245 -4.922 -4.597 -3.725 -3.932 -3.608 -1.883 -3.486 -2.157 -1.550 -1.317  0.494 -3.600 -4.093 -0.142 -0.045 -1.066 -4.130 -3.537
D -2.099 -4.922  7.096  1.326 -4.189 -3.738 -1.034 -3.195 -0.588 -3.197 -2.588  0.486 -2.241 -0.368 -1.026 -0.682 -1.150 -3.033 -5.323 -3.565
E -1.575 -4.597  1.326  3.959 -3.460 -5.029 -1.620 -1.614  1.339 -1.860 -1.256 -0.950 -3.363  1.686  0.448 -0.845 -0.601 -1.718 -4.276 -2.894
F -1.836 -3.725 -4.189 -3.460  7.089 -3.656 -0.118 -0.804 -3.033 -0.985  0.470 -2.701 -2.500 -2.411 -3.184 -3.249 -2.578 -1.506  3.353  3.404
G  1.507 -3.932 -3.738 -5.029 -3.656  7.453 -2.236 -5.154 -4.708 -5.420 -3.764 -2.188 -2.400 -3.623 -4.184 -0.813 -3.529 -4.425 -3.476 -4.097
H -1.246 -3.608 -1.034 -1.620 -0.118 -2.236  8.781 -2.421 -1.747 -2.621 -2.145  0.084 -1.690 -0.788 -0.602 -1.591 -1.405 -2.478 -0.991  0.720
I -1.601 -1.883 -3.195 -1.614 -0.804 -5.154 -2.421  3.360 -0.625  0.643  0.997  0.220 -3.925 -1.069 -1.717 -2.157 -0.796  1.929 -2.819 -2.074
K -1.497 -3.486 -0.588  1.339 -3.033 -4.708 -1.747 -0.625  3.475 -0.771 -1.082 -0.298 -3.254  1.243  2.006 -1.053 -0.873 -0.929 -4.034 -3.023
L -1.244 -2.157 -3.197 -1.860 -0.985 -5.420 -2.621  0.643 -0.771  2.681  0.837 -0.806 -5.331 -1.217 -2.020 -2.141 -1.155  0.058 -2.387 -1.343
M -0.531 -1.550 -2.588 -1.256  0.470 -3.764 -2.145  0.997 -1.082  0.837  5.554 -1.222 -4.222 -0.138 -1.245 -1.739 -0.732 -0.178 -1.843 -0.797
N -1.463 -1.317  0.486 -0.950 -2.701 -2.188  0.084  0.220 -0.298 -0.806 -1.222  4.862 -3.518 -0.709 -0.806 -0.561 -0.181  0.481 -4.353 -1.639
P -0.113  0.494 -2.241 -3.363 -2.500 -2.400 -1.690 -3.925 -3.254 -5.331 -4.222 -3.518 10.072 -3.489 -2.266 -1.158 -0.741 -2.479 -2.889 -3.437
Q -1.331 -3.600 -0.368  1.686 -2.411 -3.623 -0.788 -1.069  1.243 -1.217 -0.138 -0.709 -3.489  4.426  0.727 -1.137 -0.694 -1.527 -3.271 -2.619
R -1.842 -4.093 -1.026  0.448 -3.184 -4.184 -0.602 -1.717  2.006 -2.020 -1.245 -0.806 -2.266  0.727  5.336 -1.360 -0.856 -2.031 -3.339 -2.419
S  1.470 -0.142 -0.682 -0.845 -3.249 -0.813 -1.591 -2.157 -1.053 -2.141 -1.739 -0.561 -1.158 -1.137 -1.360  5.603  1.156 -1.442 -4.011 -1.497
T -0.103 -0.045 -1.150 -0.601 -2.578 -3.529 -1.405 -0.796 -0.873 -1.155 -0.732 -0.181 -0.741 -0.694 -0.856  1.156  5.058 -0.231 -3.285 -2.339
V -0.393 -1.066 -3.033 -1.718 -1.506 -4.425 -2.478  1.929 -0.929  0.058 -0.178  0.481 -2.479 -1.527 -2.031 -1.442 -0.231  3.553 -4.403 -2.252
W -2.724 -4.130 -5.323 -4.276  3.353 -3.476 -0.991 -2.819 -4.034 -2.387 -1.843 -4.353 -2.889 -3.271 -3.339 -4.011 -3.285 -4.403 10.829  1.747
Y -2.424 -3.537 -3.565 -2.894  3.404 -4.097  0.720 -2.074 -3.023 -1.343 -0.797 -1.639 -3.437 -2.619 -2.419 -1.497 -2.339 -2.252  1.747  7.651

@P 0.068  0.015  0.036  0.081  0.034  0.049  0.020  0.067  0.062  0.176  0.024  0.046  0.018  0.048  0.050  0.044  0.048  0.075  0.013  0.030
